a <- 75.212432
b <- -.20938742
x <- 59
y <- 64
y - (a + b * x)

a + b * 100

450